# Created by Octave 4.4.0, Tue Nov 27 11:16:46 2018 GMT <unknown@119-Win>
# name: Pre
# type: struct
# ndims: 2
 1 5
# length: 1
# name: imECOCDOVOs1
# type: cell
# rows: 1
# columns: 5
# name: <cell-element>
# type: matrix
# rows: 35
# columns: 1
 3
 3
 2
 3
 3
 3
 2
 3
 3
 3
 2
 2
 3
 3
 3
 2
 3
 3
 2
 3
 3
 2
 3
 2
 2
 3
 3
 3
 2
 2
 3
 2
 2
 2
 3



# name: <cell-element>
# type: matrix
# rows: 36
# columns: 1
 3
 1
 3
 1
 3
 3
 3
 1
 1
 1
 1
 1
 3
 3
 1
 3
 1
 3
 3
 3
 3
 3
 3
 3
 1
 3
 3
 3
 3
 3
 3
 3
 3
 3
 3
 3



# name: <cell-element>
# type: matrix
# rows: 36
# columns: 1
 1
 3
 2
 1
 3
 2
 1
 2
 3
 1
 2
 2
 3
 2
 3
 3
 1
 1
 2
 3
 2
 1
 3
 3
 2
 1
 3
 1
 2
 1
 3
 1
 1
 1
 1
 3



# name: <cell-element>
# type: matrix
# rows: 36
# columns: 1
 2
 2
 3
 2
 3
 1
 2
 1
 3
 1
 2
 3
 1
 1
 1
 1
 2
 1
 3
 2
 3
 2
 2
 3
 3
 3
 1
 1
 3
 1
 2
 2
 3
 3
 1
 2



# name: <cell-element>
# type: matrix
# rows: 35
# columns: 1
 1
 1
 2
 2
 1
 1
 1
 2
 2
 1
 1
 1
 1
 1
 2
 2
 1
 1
 2
 1
 1
 1
 1
 2
 2
 2
 1
 2
 2
 2
 1
 1
 1
 1
 1







